17.09932 16.86332 15.31384 15.7867 17.81139
15.91678 15.23595 16.22507 18.26705 18.13368
19.10503 17.01203 19.62664 22.17028 20.35912
20.89771 15.49291 17.70715 18.22905 21.36023
19.07849 20.23249 22.16694 16.31293 15.96634
17.29144 15.7843 15.2099 15.55424 19.00678
20.55822 17.8148 17.39681 14.02423 18.1375
16.34322 19.48362 15.43871 16.63726 18.12533
21.70736 14.37045 17.47012 19.2526 17.56734
14.68569 15.8132 18.08842 15.28357 21.89352
14.81222 15.26271 19.6715 19.30446 15.03854
17.91403 12.41903 18.29882 20.26155 17.97821
13.60441 17.28272 15.71377 16.57327 20.84263
17.52997 17.22469 14.03893 15.28603 17.6804
18.17934 16.44745 19.54959 17.58475 14.256
18.5235 19.59277 18.40977 21.5624 16.78202
16.44023 14.41385 19.72994 15.15461 12.27886
18.84209 18.33922 19.61504 20.03351 12.60063
20.47427 16.31606 16.83736 17.18128 18.31677
13.89233 12.44261 17.26412 17.30887 18.22254
19.17609 15.86966 15.63654 16.96631 19.03776
17.64348 15.91537 19.12524 14.14451 16.74457
14.90534 16.9381 17.85309 20.20993 16.43724
18.70966 19.04485 15.11063 14.42618 13.8692
13.84322 16.86106 20.06579 16.37364 15.57586
18.01573 15.92135 18.35817 16.14904 15.14887
16.69991 16.01405 14.59468 11.72436 16.11771
18.28737 14.17942 15.15681 16.24413 12.10626
18.62173 18.54622 18.93798 15.40697 13.18553
13.75413 13.78684 11.76798 20.2355 17.73424
13.3846 19.13214 13.613 13.73715 15.61658
16.12851 15.49806 16.88946 16.7854 15.66841
18.71797 13.27128 16.57373 13.14059 16.11704
12.30189 17.14081 18.69292 13.67583 13.49101
18.21127 14.05637 17.21968 13.7103 15.28707
18.8411 19.59052 17.06307 18.73552 15.2282
18.21075 13.3413 18.34631 13.79463 17.27187
11.95845 11.05026 14.33316 13.22768 18.44809
16.50048 15.01076 14.04553 16.97325 15.62986
13.90132 12.05171 11.60881 12.51382 17.09195
17.09049 16.2064 11.97724 15.2365 15.58523
14.51835 14.24139 12.51374 15.54433 16.05801
15.66965 17.66243 19.75363 11.64119 11.11111
14.75255 19.633 15.4384 16.36291 15.71067
13.88686 15.04106 16.44193 12.38171 14.83145
18.44868 14.95031 16.61425 12.43094 14.17415
15.28634 14.88422 15.88695 14.61087 16.19668
13.27294 14.83882 17.67914 16.84849 15.674
15.54572 13.02799 13.90024 14.15581 12.45252
14.98178 15.64418 17.66441 16.06057 15.70527
16.17811 12.45423 15.52205 14.7382 15.08397
16.10961 14.09692 13.7632 13.02736 13.13451
17.40582 14.40884 12.48477 14.63024 14.42206
11.31607 12.63856 12.43394 15.16691 12.74098
14.91837 15.8137 12.26466 14.66942 14.4831
13.03793 13.3856 16.40743 14.89841 16.89139
11.49549 14.16426 13.59702 11.93061 14.21837
11.82032 14.13457 16.48754 12.59319 12.25305
13.84013 14.91019 11.53613 16.21848 18.32645
17.37283 12.61921 13.47079 17.34518 11.80028
16.94959 10.79015 12.9944 18.72325 12.81548
12.50739 11.72776 14.70997 12.57423 15.96684
13.98058 11.32145 16.63164 11.47538 11.29186
14.52638 15.47305 16.0456 15.11696 12.00745
13.1093 14.26081 14.71843 11.47186 11.52458
19.38457 13.76198 11.24889 14.3979 17.78334
17.2792 12.32472 14.22554 10.69918 13.40571
10.9377 16.70781 14.12238 14.22572 14.6662
13.87215 18.04831 12.76049 12.32712 15.62032
16.35332 12.92511 15.43358 13.2239 10.45838
12.3251 18.95433 13.14751 15.05743 15.5473
14.7598 12.51833 12.83596 9.946111 15.39757
12.26853 13.06016 12.87705 14.12692 11.82689
16.35058 11.49756 12.82085 10.98821 12.42869
20.00756 13.47351 13.5865 14.02058 11.66637
10.96859 14.27278 11.75762 17.51884 10.74039
14.06092 14.31931 15.21526 10.75599 15.27778
10.63039 16.43162 16.16875 12.3837 12.74954
14.37724 13.42186 9.799158 10.25237 11.567
11.78604 12.32105 16.52934 11.96877 13.18735
14.54882 10.76286 9.997206 13.89558 16.00658
12.63752 12.89254 16.80464 12.3166 16.36062
11.72416 19.03382 10.86774 11.67252 9.879882
17.83234 11.1298 10.21464 10.80636 10.5771
13.99678 14.21023 13.73331 18.09038 9.127265
11.55466 13.13118 9.725912 11.9239 14.17485
14.3256 12.14145 16.43798 10.55301 17.25127
7.949786 15.8921 9.463761 12.21922 10.27143
9.184935 11.98162 9.311648 13.16316 14.50822
10.01402 16.11622 10.85503 14.12344 11.9397
15.42175 12.58757 10.41601 13.51875 9.950234
12.48608 12.30913 10.1825 16.20741 12.24071
13.57385 12.68092 9.407878 10.49496 11.83665
10.8803 10.24596 10.92848 12.84579 9.698239
10.46136 10.07099 11.21986 11.99096 12.42289
19.42386 10.89681 14.15724 11.68203 10.34501
8.335276 10.14204 14.87224 14.25623 13.29367
8.868564 9.436046 14.68134 10.55671 14.56759
11.78258 16.55152 17.45569 13.14524 11.95022
9.928847 10.42279 10.96546 9.278078 11.72294
14.15357 10.57137 10.21036 10.00298 11.69752
8.575665 15.6972 9.292997 15.70976 11.84914
10.83911 12.00332 12.01114 9.232839 20.54292
9.53505 8.798393 13.58764 9.01598 10.23042
10.91227 11.62545 12.92226 11.62982 5.995283
10.65473 9.440632 12.601 9.351278 8.888412
13.99955 8.349069 9.562702 10.14361 8.453995
9.996112 12.84572 12.62192 10.5759 10.71567
9.305004 13.26921 10.2819 9.309816 14.57299
9.98617 9.567708 10.91399 10.15856 12.97597
8.865753 14.05048 9.620297 9.783891 12.39867
13.44199 11.59369 9.240904 8.125296 16.69286
10.81789 15.56011 7.926199 8.175809 11.0465
10.8414 9.558381 7.904924 9.265605 6.682132
11.00185 12.15266 12.65525 15.54112 10.55189
9.428626 9.019492 10.19955 12.59776 12.3288
15.2242 9.182516 8.47331 13.07261 10.82276
8.859525 10.96484 7.836482 7.90222 13.35568
14.92287 10.63975 8.71528 11.06082 9.476703
12.75143 7.903413 7.519591 7.198701 7.731499
9.963441 7.593563 9.889024 8.939998 10.26157
11.09262 8.00706 6.911671 9.985551 13.58912
7.175164 9.846848 11.42031 18.21712 9.32973
10.49207 10.05089 14.5663 11.05433 8.602413
11.08098 9.973933 13.96699 8.875184 15.33246
7.634121 6.439807 8.318952 7.987332 7.876632
8.489026 11.80797 6.846226 12.58645 9.833364
8.717492 7.930756 11.4143 11.08106 11.41282
10.49547 10.97975 11.81347 8.456116 10.2244
7.501357 15.29643 6.964689 9.476617 7.467345
13.29547 10.42885 8.227849 7.70132 10.6067
8.857206 10.40916 8.090829 10.55574 13.16046
7.877796 10.31108 7.303342 9.695689 8.308981
11.57867 6.595403 7.28037 10.14055 6.488533
6.221722 7.620027 8.333001 8.366155 10.0451
8.469381 6.724514 13.1744 12.24155 6.655586
7.711337 5.993855 12.40333 8.200138 8.285629
14.26033 8.179284 15.10973 10.15991 8.474688
7.688344 6.503742 6.097266 9.845758 6.333136
10.44256 8.264094 8.138944 13.41024 5.340716
8.011872 11.79015 13.30481 9.660319 11.95984
15.66113 10.41757 14.41941 11.36064 10.06188
6.775555 9.265188 7.040514 7.038359 8.519923
6.966653 7.033151 8.058233 10.18631 7.945927
8.759325 13.60137 9.626835 6.055135 8.160389
8.985273 6.522005 5.71713 9.653084 14.16874
5.639142 7.558589 7.880804 7.022119 7.360455
6.55546 9.718863 9.269287 8.531825 5.643521
8.416334 7.515072 10.92605 11.48073 8.15984
9.727551 9.22326 7.508056 6.473882 11.16665
10.01419 9.080335 14.89589 7.605598 7.897127
7.160756 6.197858 6.714774 6.506309 6.974899
7.186138 9.911575 6.319895 9.414065 7.604492
8.051935 8.055369 7.852578 5.933337 7.220992
9.281507 7.949803 10.2594 6.07566 10.2022
8.898234 6.366405 5.997433 6.548163 6.412151
6.844599 6.486965 8.0464 6.139466 6.58863
6.337197 3.650036 9.008117 9.447173 8.1039
7.771479 11.07182 13.12557 9.084594 5.895734
7.977286 4.564492 6.941036 9.506593 11.62137
5.096146 6.938266 6.470658 7.251546 6.611189
9.697773 7.123561 6.847253 6.730949 8.45617
4.324879 7.115319 5.5455 7.426882 6.808924
7.565952 6.236959 5.005051 7.629804 11.35202
8.582755 4.625604 10.11377 8.239351 7.913199
6.366826 6.253501 12.53275 7.37568 6.472627
4.524025 6.305698 4.545561 8.763073 5.634751
6.937168 6.539128 6.47358 6.73929 6.885946
19.00825 6.225721 6.316573 7.317854 5.970668
5.511479 5.30734 10.15272 5.939 5.306799
5.627177 5.853765 5.436463 5.058003 9.060413
5.277694 4.35027 6.430996 5.084351 6.45779
4.584427 6.093518 8.086079 5.149069 4.227646
9.224044 11.24618 5.672296 7.93402 7.336987
5.68339 7.74402 9.789364 3.725258 8.414225
4.703435 8.089278 5.396124 5.871644 5.824709
4.83969 7.317057 5.508058 6.325934 3.584124
10.45078 6.035411 8.575702 6.252011 8.010828
5.301941 3.462025 6.044367 5.958373 4.082509
3.221095 4.454556 5.960907 5.275861 7.828806
4.535292 6.362579 3.32799 7.939976 11.09168
3.59053 10.9559 4.970948 10.81218 5.077347
7.805454 5.494149 5.80778 4.235298 6.593723
5.531839 6.216658 11.93642 4.024831 3.238966
5.216392 6.685859 4.527789 5.350853 6.454397
4.508271 4.024728 8.533584 6.229889 5.92966
4.419838 3.331378 9.04494 4.629529 5.198059
6.165984 5.696069 5.494665 3.497436 3.823688
5.617136 3.75875 3.476578 7.423749 8.07347
9.727571 5.746136 4.241728 10.21301 7.981937
3.810497 7.651278 3.73532 4.887355 4.800799
3.954446 4.406507 6.82152 1.438333 4.070334
13.66049 5.244148 4.082748 3.860003 6.162826
4.917876 4.588343 5.597379 3.000372 4.743642
3.132592 4.046986 5.356631 8.915387 5.763713
3.935576 4.126468 3.596283 3.47444 10.23907
4.212033 5.398534 3.200521 3.334012 2.718571
5.041106 1.431738 2.592576 2.652598 3.470114
3.559155 9.577349 2.81781 3.62871 5.555124
5.397193 3.5662 5.154398 1.494067 9.606446
7.258187 1.952339 8.503244 2.592316 7.042553
4.100322 1.695742 8.39349 3.108906 1.863806
1.829893 3.383167 11.31338 5.794878 4.691173
2.392047 1.604647 2.900952 2.281261 6.266593
2.033839 2.350499 1.130431 1.635077 4.975161
5.416397 4.364665 2.529945 1.750428 1.318999
2.710853 3.148027 1.778171 3.528535 1.780953
2.791829 2.30597 6.550825 1.585162 2.170363
3.853239 2.701835 1.416789 2.05166 1.164674
2.859878 2.82672 5.585105 9.851454 2.895009
2.970071 4.057601 3.731342 5.232039 1.610301
1.319639 0.8734878 1.754167 2.904465 6.19501
4.377505 1.471544 3.180707 2.846927 1.200391
0.2939787 2.799605 3.530442 0.8960512 3.45888
0.7010036 3.052309 0.4590545 3.380141 1.065716
2.344977 0.2293095 1.08866 2.076238 1.392298
2.793278 1.192153 1.228118 0.3642444 0.4975778
0 0.3721315 5.138921 3.808879 4.018302
2.147366 1.226062 0.8765048 0.1484576 2.815069
0 3.418174
